v1 666
v1 363

vl 46, 16
v11 2,12
v11 366
v11 363
vm 163
v111 364
11 6,11
lx 616
11 366
11 3616
1 163
1 13,1

. x25,10

X 27

XXII 612
XXII 40,8
xxm ³, 11

XXIII 5,ss ¹

311111 63, 6·
11111 66, 11
11111 466
xx1v 61
11111 164
1111 1616
11111 163
16166
1111 46, 8
xxv 8, 13
xxv 63, 6
xxv 3613
xxvl 63
1111 164
1111 6616
11111 463
111111 1616
111111 4616
111111 46, 63

¹ 1111 166
xxx 663
xxx 666
xxx 366
1111 161
1111 661
11111 3, 3
11111 36, 3

INDEX mconvx

111111 4, 4
111111 31, 1
1111111 36, 3
111111 3, 6
111111 66
111111 6613
11111 666
xxxv 161
xxxv 1611
111111 64
111111 166
1111111 663
1111111 63
1111111 366
11111111 463
311111111 66 6
11111111 663
*xxxvm 664
11111 66
11, 4, 16

xx 1616

11 1614

11, 36 13

6 XL 481

32 33
19 63
26 36
32 14
12 13

8 12
6 16
236

26
26 66
36 12
10 19
21 13
36 3
106
13 11
361

7 18
17 6
17 11
40 6

xx 663
1111 66
1111 6613
11111 611
11111 41, 1
xxv 66
1xxv 361
xxv 366
x1v 363
31111 31, 3
11611, 611111

Lucinas

*1111111611 32 ext.
⁶- 36

*Bis acc. 32
*DiaI Mort. 6, 1
*— Meret. 6, 4
*Fugix 29
*Harmom 1
⁸- 82

⁴“Herod 2
*Raram l

 

